-917617434
-917617434
-917945114
-917740314
-918280986
-917584666
-1211818652
838724416
90563392
1475986240
1652802368
-1044921536
-248921280
-1790459072
999932736
14533440
-223493312
-170933440
1789510464
163046208
-113890496
-625333440
5761856
-1684919488
250995520
400016192
939508544
-604781760
-1780235456
209044288
2137506624
-50740416
-1890335936
278119232
527024960
532775744
-1558860992
47688512
1750985536
2066475840
637002560
-2111052992
645784384
-207625408
783541056
-851451072
1591206720
-371080384
-493763776
-412368064
1852425024
968352576
1651518272
-164525248
-1763054784
-1651381440
1950477120
1931447104
420096832
-1245715648
-870718656
-555603648
-629284032
17679168
310887232
-374226112
702530368
1760813888
-1423998144
344468288
-1413092544
-762844352
2084711232
-1315075264
-1307710656
1863183168
2146954048
-895882432
-1136532672
1461306176
1875239744
230155072
727966528
509723456
791118656
2078772032
-345666752
1695148864
886303552
-554333376
1602087744
-1329994944
1694493504
1084615488
-1377705152
643679040
-1869749440
-1727386816
1029301056
-831012032
9298752
-1841550528
262007616
-1417426112
-932459712
-618403008
449588032
-1250972864
-1745507520
876489536
1483178816
-1282022592
-1067474112
1890552640
1615831872
1260249920
-76971200
76802880
-828380352
-1641166016
-558511296
-1268257984
-1527936192
2135829312
-208262336
546679616
-1923634368
675162944
-1001280704
-818664640
813386560
-1465111744
-1853256896
247974720
-1002976448
-999437504
-564147392
61852480
-347870400
2113243968
819702592
1877189440
500837184
-51672256
-2060342464
-2082460864
-1517466816
1478372160
1260620608
-1543386304
-773076160
-1705383104
-888304832
-1960711360
-1729369280
2142358336
1980885824
-2071581888
978561856
736463680
589146944
575245120
2125548352
1103334208
1980992320
1847315264
-1806054592
-1786893504
1799326528
1355950912
-870847680
-987108544
210471744
1955171136
469992256
1528965952
-711374016
22293312
-659076288
398076736
2073684800
-937571520
-756036800
-1529615552
1842318144
251784000
-436606144
829025088
-1517671616
1498278720
-1703285952
-1948406976
-2017055936
-1579799744
-372757696
792283968
5344064
64850752
-1889277120
739232576
-199636160
-191640768
-86389952
-987133120
-1542091968
-1260680384
-1045443776
1640991552
-1922946240
-1898435776
292563776
-1875817664
247081792
-192697536
624569152
1024314176
-871511232
634768192
1572588352
59239232
752233280
-1751651520
-1136800960
-600315072
-209605824
-1294513344
-585282752
-533116096
660351808
81898304
-838341824
2121124672
385215296
934931264
1525803840
-867701952
-860755136
-1163269312
-583021760
-2062693568
-136582336
-1827132608
-246969536
-435279040
1636141888
1379920704
1465502528
-2144875712
-623383744
695741248
-911348928
914475840
1647692608
1767361344
-968897728
-1150956736
-781456576
337242944
507611968
152169280
-619189440
-1054094528
-237384896
