-917674778
-917674778
-917699354
-917748506
-917691162
-917682970
-1211204252
1496705856
634399552
-41030848
-815142080
1829514048
1188277056
-1995560128
251128640
1854786368
383904576
-2120750272
-901256384
-1060902080
-937718976
-723113152
-1767273664
1718872896
1885981504
-498472128
-551163072
-39482560
-457839808
-1415216320
30794560
1598022464
1289997120
-528233664
-1512051904
-1941558464
674859840
-730322112
1531568960
1376502592
-1281105088
-1612453056
970844992
-740824256
-491525312
-246838464
1721992000
1766032192
1850991424
-2008423616
-1784927424
288746304
-139998400
1125763904
1262340928
-1045437632
-1791087808
-1361581248
1379003200
-435426496
1147530048
-1748251840
-430060736
1993993024
1460243264
627280704
-1029313728
240896832
1818479424
1023789888
-2035168448
-1967928512
1511779136
-504091840
-1364858048
386386752
16894784
-727454912
-244585664
-2123379904
1748618048
135654208
-1044518080
-20976832
333171520
774884160
-1870533824
-150721728
